47367 1129380 54777 1129980
15105 1125060 22515 1125660
15105 1129860 22515 1130460
15105 1134660 22515 1135260
15105 1139460 22515 1140060
15105 1144260 22515 1144860
15105 1149060 22515 1149660
29697 1128900 37107 1129500
40071 1129380 47481 1129980
44289 1123140 51699 1123740
44289 1124100 51699 1124700
44289 1127940 51699 1128540
44289 1132740 51699 1133340
44289 1133700 51699 1134300
44289 1137540 51699 1138140
44289 1138500 51699 1139100
44289 1142340 51699 1142940
44289 1143300 51699 1143900
44289 1147140 51699 1147740
44289 1148100 51699 1148700
49305 1123620 56715 1124220
49305 1128420 56715 1129020
49305 1133220 56715 1133820
49305 1138020 56715 1138620
49305 1142820 56715 1143420
49305 1147620 56715 1148220
18753 1126500 20235 1127100
18753 1127460 20235 1128060
18753 1131300 20235 1131900
18753 1132260 20235 1132860
18753 1136100 20235 1136700
18753 1137060 20235 1137660
18753 1140900 20235 1141500
18753 1141860 20235 1142460
18753 1145700 20235 1146300
18753 1146660 20235 1147260
34713 1129380 38475 1129980
51585 1127940 55347 1128540
51585 1128900 55347 1129500
51585 1130820 55347 1131420
38931 1129380 39273 1129980
56145 1127940 56487 1128540
56145 1128900 56487 1129500
56145 1129860 56487 1130460
56145 1130820 56487 1131420
15105 1126500 18867 1127100
15105 1127460 18867 1128060
15105 1131300 18867 1131900
15105 1132260 18867 1132860
15105 1136100 18867 1136700
15105 1137060 18867 1137660
15105 1140900 18867 1141500
15105 1141860 18867 1142460
15105 1145700 18867 1146300
15105 1146660 18867 1147260
513 1127460 15219 1128060
513 1132260 15219 1132860
513 1137060 15219 1137660
513 1141860 15219 1142460
513 1146660 15219 1147260
36993 1125060 51699 1125660
36993 1134660 51699 1135260
36993 1139460 51699 1140060
36993 1144260 51699 1144860
36993 1149060 51699 1149660
40983 1129860 55689 1130460
513 1124580 15219 1125660
513 1125540 15219 1126620
513 1126500 15219 1127580
513 1129380 15219 1130460
513 1130340 15219 1131420
513 1131300 15219 1132380
513 1134180 15219 1135260
513 1135140 15219 1136220
513 1136100 15219 1137180
513 1138980 15219 1140060
513 1139940 15219 1141020
513 1140900 15219 1141980
513 1143780 15219 1144860
513 1144740 15219 1145820
513 1145700 15219 1146780
513 1148580 15219 1149660
513 1123620 15219 1124220
513 1128420 15219 1129020
513 1133220 15219 1133820
513 1138020 15219 1138620
513 1142820 15219 1143420
513 1147620 15219 1148220
29697 1123140 44403 1123740
29697 1124100 44403 1124700
29697 1127940 44403 1128540
29697 1132740 44403 1133340
29697 1133700 44403 1134300
29697 1137540 44403 1138140
29697 1138500 44403 1139100
29697 1142340 44403 1142940
29697 1143300 44403 1143900
29697 1147140 44403 1147740
29697 1148100 44403 1148700
513 1123140 29811 1123740
513 1124100 29811 1124700
513 1127940 29811 1128540
513 1128900 29811 1129500
513 1132740 29811 1133340
513 1133700 29811 1134300
513 1137540 29811 1138140
513 1138500 29811 1139100
513 1142340 29811 1142940
513 1143300 29811 1143900
513 1147140 29811 1147740
513 1148100 29811 1148700
20121 1123620 49419 1124220
20121 1128420 49419 1129020
20121 1133220 49419 1133820
20121 1138020 49419 1138620
20121 1142820 49419 1143420
20121 1147620 49419 1148220
15105 1123620 20235 1124220
15105 1124580 20235 1125180
15105 1125540 20235 1126140
15105 1128420 20235 1129020
15105 1129380 20235 1129980
15105 1130340 20235 1130940
15105 1133220 20235 1133820
15105 1134180 20235 1134780
15105 1135140 20235 1135740
15105 1138020 20235 1138620
15105 1138980 20235 1139580
15105 1139940 20235 1140540
15105 1142820 20235 1143420
15105 1143780 20235 1144380
15105 1144740 20235 1145340
15105 1147620 20235 1148220
15105 1148580 20235 1149180
34713 1124580 56715 1125180
34713 1125540 56715 1126140
34713 1130340 56715 1130940
34713 1134180 56715 1134780
34713 1135140 56715 1135740
34713 1138980 56715 1139580
34713 1139940 56715 1140540
34713 1143780 56715 1144380
34713 1144740 56715 1145340
34713 1148580 56715 1149180
15105 1126020 51699 1126620
15105 1126980 51699 1127580
15105 1130820 51699 1131420
15105 1131780 51699 1132380
15105 1135620 51699 1136220
15105 1136580 51699 1137180
15105 1140420 51699 1141020
15105 1141380 51699 1141980
15105 1145220 51699 1145820
15105 1146180 51699 1146780
20121 1126500 56715 1127100
20121 1127460 56715 1128060
20121 1131300 56715 1131900
20121 1132260 56715 1132860
20121 1136100 56715 1136700
20121 1137060 56715 1137660
20121 1140900 56715 1141500
20121 1141860 56715 1142460
20121 1145700 56715 1146300
20121 1146660 56715 1147260
20121 1124580 34827 1125180
20121 1125540 34827 1126140
20121 1129380 34827 1129980
20121 1130340 34827 1130940
20121 1134180 34827 1134780
20121 1135140 34827 1135740
20121 1138980 34827 1139580
20121 1139940 34827 1140540
20121 1143780 34827 1144380
20121 1144740 34827 1145340
20121 1148580 34827 1149180
22401 1125060 37107 1125660
22401 1129860 37107 1130460
22401 1134660 37107 1135260
22401 1139460 37107 1140060
22401 1144260 37107 1144860
22401 1149060 37107 1149660
36993 1128900 51699 1129500
51585 1123140 56487 1123740
51585 1124100 56487 1124700
51585 1125060 56487 1125660
51585 1126020 56487 1126620
51585 1126980 56487 1127580
51585 1131780 56487 1132380
51585 1132740 56487 1133340
51585 1133700 56487 1134300
51585 1134660 56487 1135260
51585 1135620 56487 1136220
51585 1136580 56487 1137180
51585 1137540 56487 1138140
51585 1138500 56487 1139100
51585 1139460 56487 1140060
51585 1140420 56487 1141020
51585 1141380 56487 1141980
51585 1142340 56487 1142940
51585 1143300 56487 1143900
51585 1144260 56487 1144860
51585 1145220 56487 1145820
51585 1146180 56487 1146780
51585 1147140 56487 1147740
51585 1148100 56487 1148700
51585 1149060 56487 1149660
36993 1129860 38931 1130460
38817 1129860 39843 1130460
55233 1127940 56259 1128540
55233 1128900 56259 1129500
55233 1130820 56259 1131420
38361 1129380 39045 1129980
55575 1129860 56259 1130460
39159 1129380 40185 1129980
40071 1129860 41097 1130460
39729 1129860 40185 1130460
