312645 670020 320055 670620
312645 670980 320055 671580
312645 674820 320055 675420
312645 675780 320055 676380
312645 679620 320055 680220
312645 680580 320055 681180
312645 684420 320055 685020
312645 685380 320055 685980
312645 689220 320055 689820
312645 690180 320055 690780
56373 667140 57855 667740
56373 668100 57855 668700
56373 669060 57855 669660
56373 670020 57855 670620
56373 670980 57855 671580
56373 671940 57855 672540
56373 672900 57855 673500
56373 673860 57855 674460
56373 674820 57855 675420
56373 675780 57855 676380
56373 676740 57855 677340
56373 677700 57855 678300
56373 678660 57855 679260
56373 679620 57855 680220
56373 680580 57855 681180
56373 681540 57855 682140
56373 682500 57855 683100
56373 683460 57855 684060
56373 684420 57855 685020
56373 685380 57855 685980
56373 686340 57855 686940
56373 687300 57855 687900
56373 688260 57855 688860
56373 689220 57855 689820
56373 690180 57855 690780
56373 691140 57855 691740
56373 692100 57855 692700
56373 693060 57855 693660
56601 670500 71307 671100
56601 675300 71307 675900
56601 680100 71307 680700
56601 684900 71307 685500
56601 689700 71307 690300
57741 670020 72447 670620
57741 670980 72447 671580
57741 674820 72447 675420
57741 675780 72447 676380
57741 679620 72447 680220
57741 680580 72447 681180
57741 684420 72447 685020
57741 685380 72447 685980
57741 689220 72447 689820
57741 690180 72447 690780
208221 670020 222927 670620
208221 674820 222927 675420
208221 679620 222927 680220
208221 684420 222927 685020
208221 689220 222927 689820
304209 669540 318915 670140
304209 670500 318915 671100
304209 671460 318915 672060
304209 674340 318915 674940
304209 675300 318915 675900
304209 676260 318915 676860
304209 679140 318915 679740
304209 680100 318915 680700
304209 681060 318915 681660
304209 683940 318915 684540
304209 684900 318915 685500
304209 685860 318915 686460
304209 688740 318915 689340
304209 689700 318915 690300
304209 690660 318915 691260
304209 667620 318915 668220
304209 672420 318915 673020
304209 677220 318915 677820
304209 682020 318915 682620
304209 686820 318915 687420
304209 691620 318915 692220
56601 668580 71307 669180
56601 669540 71307 670140
56601 673380 71307 673980
56601 674340 71307 674940
56601 678180 71307 678780
56601 679140 71307 679740
56601 682980 71307 683580
56601 683940 71307 684540
56601 687780 71307 688380
56601 688740 71307 689340
56601 692580 71307 693180
57741 669060 72447 669660
57741 673860 72447 674460
57741 678660 72447 679260
57741 683460 72447 684060
57741 688260 72447 688860
57741 693060 72447 693660
116109 669060 130815 669660
116109 673860 130815 674460
116109 678660 130815 679260
116109 683460 130815 684060
116109 688260 130815 688860
116109 693060 130815 693660
208221 669060 222927 669660
208221 673860 222927 674460
208221 678660 222927 679260
208221 683460 222927 684060
208221 688260 222927 688860
208221 693060 222927 693660
266589 669060 281295 669660
266589 673860 281295 674460
266589 678660 281295 679260
266589 683460 281295 684060
266589 688260 281295 688860
266589 693060 281295 693660
56601 671460 85899 672060
56601 676260 85899 676860
56601 681060 85899 681660
56601 685860 85899 686460
56601 690660 85899 691260
86925 669060 116223 669660
86925 670020 116223 670620
86925 670980 116223 671580
86925 673860 116223 674460
86925 674820 116223 675420
86925 675780 116223 676380
86925 678660 116223 679260
86925 679620 116223 680220
86925 680580 116223 681180
86925 683460 116223 684060
86925 684420 116223 685020
86925 685380 116223 685980
86925 688260 116223 688860
86925 689220 116223 689820
86925 690180 116223 690780
86925 693060 116223 693660
237405 669060 266703 669660
237405 670020 266703 670620
237405 673860 266703 674460
237405 674820 266703 675420
237405 678660 266703 679260
237405 679620 266703 680220
237405 683460 266703 684060
237405 684420 266703 685020
237405 688260 266703 688860
237405 689220 266703 689820
237405 693060 266703 693660
283461 670020 312759 670620
283461 670980 312759 671580
283461 674820 312759 675420
283461 675780 312759 676380
283461 679620 312759 680220
283461 680580 312759 681180
283461 684420 312759 685020
283461 685380 312759 685980
283461 689220 312759 689820
283461 690180 312759 690780
318801 667620 319827 668220
318801 668580 319827 669180
318801 669540 319827 670140
318801 670500 319827 671100
318801 671460 319827 672060
318801 672420 319827 673020
318801 673380 319827 673980
318801 674340 319827 674940
318801 675300 319827 675900
318801 676260 319827 676860
318801 677220 319827 677820
318801 678180 319827 678780
318801 679140 319827 679740
318801 680100 319827 680700
318801 681060 319827 681660
318801 682020 319827 682620
318801 682980 319827 683580
318801 683940 319827 684540
318801 684900 319827 685500
318801 685860 319827 686460
318801 686820 319827 687420
318801 687780 319827 688380
318801 688740 319827 689340
318801 689700 319827 690300
318801 690660 319827 691260
318801 691620 319827 692220
318801 692580 319827 693180
245841 667620 304323 668220
245841 672420 304323 673020
245841 677220 304323 677820
245841 682020 304323 682620
245841 686820 304323 687420
245841 691620 304323 692220
130701 669060 133095 669660
130701 673860 133095 674460
130701 678660 133095 679260
130701 683460 133095 684060
130701 688260 133095 688860
130701 693060 133095 693660
168321 668580 170715 669180
168321 673380 170715 673980
168321 678180 170715 678780
168321 682980 170715 683580
168321 687780 170715 688380
168321 692580 170715 693180
281181 669060 283575 669660
281181 673860 283575 674460
281181 678660 283575 679260
281181 683460 283575 684060
281181 688260 283575 688860
281181 693060 283575 693660
208221 667140 283575 667740
208221 668100 283575 668700
208221 671940 283575 672540
208221 672900 283575 673500
208221 676740 283575 677340
208221 677700 283575 678300
208221 681540 283575 682140
208221 682500 283575 683100
208221 686340 283575 686940
208221 687300 283575 687900
208221 691140 283575 691740
208221 692100 283575 692700
95361 670500 153843 671100
95361 671460 153843 672060
95361 675300 153843 675900
95361 676260 153843 676860
95361 680100 153843 680700
95361 681060 153843 681660
95361 684900 153843 685500
95361 685860 153843 686460
95361 689700 153843 690300
95361 690660 153843 691260
208221 670980 266703 671580
208221 675780 266703 676380
208221 680580 266703 681180
208221 685380 266703 685980
208221 690180 266703 690780
245841 670500 304323 671100
245841 671460 304323 672060
245841 675300 304323 675900
245841 676260 304323 676860
245841 680100 304323 680700
245841 681060 304323 681660
245841 684900 304323 685500
245841 685860 304323 686460
245841 689700 304323 690300
245841 690660 304323 691260
71193 668580 87039 669660
71193 669540 87039 670620
71193 670500 87039 671580
71193 673380 87039 674460
71193 674340 87039 675420
71193 675300 87039 676380
71193 678180 87039 679260
71193 679140 87039 680220
71193 680100 87039 681180
71193 682980 87039 684060
71193 683940 87039 685020
71193 684900 87039 685980
71193 687780 87039 688860
71193 688740 87039 689820
71193 689700 87039 690780
71193 692580 87039 693660
153729 668580 169575 669660
153729 673380 169575 674460
153729 678180 169575 679260
153729 682980 169575 684060
153729 687780 169575 688860
153729 692580 169575 693660
221673 668580 237519 669660
221673 669540 237519 670620
221673 673380 237519 674460
221673 674340 237519 675420
221673 678180 237519 679260
221673 679140 237519 680220
221673 682980 237519 684060
221673 683940 237519 685020
221673 687780 237519 688860
221673 688740 237519 689820
221673 692580 237519 693660
304209 668580 320055 669660
304209 673380 320055 674460
304209 678180 320055 679260
304209 682980 320055 684060
304209 687780 320055 688860
304209 692580 320055 693660
93081 667620 95475 668220
93081 672420 95475 673020
93081 677220 95475 677820
93081 682020 95475 682620
93081 686820 95475 687420
93081 691620 95475 692220
85785 670500 95475 671100
85785 671460 95475 672060
85785 675300 95475 675900
85785 676260 95475 676860
85785 680100 95475 680700
85785 681060 95475 681660
85785 684900 95475 685500
85785 685860 95475 686460
85785 689700 95475 690300
85785 690660 95475 691260
198645 669060 208335 669660
198645 673860 208335 674460
198645 678660 208335 679260
198645 683460 208335 684060
198645 688260 208335 688860
198645 693060 208335 693660
132981 669060 154983 669660
132981 673860 154983 674460
132981 678660 154983 679260
132981 683460 154983 684060
132981 688260 154983 688860
132981 693060 154983 693660
199785 668580 221787 669180
199785 669540 221787 670140
199785 673380 221787 673980
199785 674340 221787 674940
199785 678180 221787 678780
199785 679140 221787 679740
199785 682980 221787 683580
199785 683940 221787 684540
199785 687780 221787 688380
199785 688740 221787 689340
199785 692580 221787 693180
283461 669060 305463 669660
283461 673860 305463 674460
283461 678660 305463 679260
283461 683460 305463 684060
283461 688260 305463 688860
283461 693060 305463 693660
153729 669540 170715 670140
153729 674340 170715 674940
153729 679140 170715 679740
153729 683940 170715 684540
153729 688740 170715 689340
266589 670020 283575 670620
266589 670980 283575 671580
266589 674820 283575 675420
266589 675780 283575 676380
266589 679620 283575 680220
266589 680580 283575 681180
266589 684420 283575 685020
266589 685380 283575 685980
266589 689220 283575 689820
266589 690180 283575 690780
57741 667140 208335 667740
57741 668100 208335 668700
57741 671940 208335 672540
57741 672900 208335 673500
57741 676740 208335 677340
57741 677700 208335 678300
57741 681540 208335 682140
57741 682500 208335 683100
57741 686340 208335 686940
57741 687300 208335 687900
57741 691140 208335 691740
57741 692100 208335 692700
95361 667620 245955 668220
95361 672420 245955 673020
95361 677220 245955 677820
95361 682020 245955 682620
95361 686820 245955 687420
95361 691620 245955 692220
85785 668580 124659 669180
85785 669540 124659 670140
85785 673380 124659 673980
85785 674340 124659 674940
85785 678180 124659 678780
85785 679140 124659 679740
85785 682980 124659 683580
85785 683940 124659 684540
85785 687780 124659 688380
85785 688740 124659 689340
85785 692580 124659 693180
236265 668580 275139 669180
236265 669540 275139 670140
236265 673380 275139 673980
236265 674340 275139 674940
236265 678180 275139 678780
236265 679140 275139 679740
236265 682980 275139 683580
236265 683940 275139 684540
236265 687780 275139 688380
236265 688740 275139 689340
236265 692580 275139 693180
116109 670020 208335 670620
116109 670980 208335 671580
116109 674820 208335 675420
116109 675780 208335 676380
116109 679620 208335 680220
116109 680580 208335 681180
116109 684420 208335 685020
116109 685380 208335 685980
116109 689220 208335 689820
116109 690180 208335 690780
153729 670500 245955 671100
153729 671460 245955 672060
153729 675300 245955 675900
153729 676260 245955 676860
153729 680100 245955 680700
153729 681060 245955 681660
153729 684900 245955 685500
153729 685860 245955 686460
153729 689700 245955 690300
153729 690660 245955 691260
124545 668580 153843 669180
124545 673380 153843 673980
124545 678180 153843 678780
124545 682980 153843 683580
124545 687780 153843 688380
124545 692580 153843 693180
170601 668580 199899 669180
170601 669540 199899 670140
170601 673380 199899 673980
170601 674340 199899 674940
170601 678180 199899 678780
170601 679140 199899 679740
170601 682980 199899 683580
170601 683940 199899 684540
170601 687780 199899 688380
170601 688740 199899 689340
170601 692580 199899 693180
275025 668580 304323 669180
275025 673380 304323 673980
275025 678180 304323 678780
275025 682980 304323 683580
275025 687780 304323 688380
275025 692580 304323 693180
124545 669540 153843 670140
124545 674340 153843 674940
124545 679140 153843 679740
124545 683940 153843 684540
124545 688740 153843 689340
169461 669060 198759 669660
169461 673860 198759 674460
169461 678660 198759 679260
169461 683460 198759 684060
169461 688260 198759 688860
169461 693060 198759 693660
275025 669540 304323 670140
275025 674340 304323 674940
275025 679140 304323 679740
275025 683940 304323 684540
275025 688740 304323 689340
56601 667620 93195 668220
56601 672420 93195 673020
56601 677220 93195 677820
56601 682020 93195 682620
56601 686820 93195 687420
56601 691620 93195 692220
283461 667140 320055 667740
283461 668100 320055 668700
283461 671940 320055 672540
283461 672900 320055 673500
283461 676740 320055 677340
283461 677700 320055 678300
283461 681540 320055 682140
283461 682500 320055 683100
283461 686340 320055 686940
283461 687300 320055 687900
283461 691140 320055 691740
283461 692100 320055 692700
