2230125 670020 2237535 670620
2230125 670980 2237535 671580
2230125 674820 2237535 675420
2230125 675780 2237535 676380
2230125 679620 2237535 680220
2230125 680580 2237535 681180
2230125 684420 2237535 685020
2230125 685380 2237535 685980
2230125 689220 2237535 689820
2230125 690180 2237535 690780
2231265 669540 2238675 670140
2231265 670500 2238675 671100
2231265 671460 2238675 672060
2231265 674340 2238675 674940
2231265 675300 2238675 675900
2231265 676260 2238675 676860
2231265 679140 2238675 679740
2231265 680100 2238675 680700
2231265 681060 2238675 681660
2231265 683940 2238675 684540
2231265 684900 2238675 685500
2231265 685860 2238675 686460
2231265 688740 2238675 689340
2231265 689700 2238675 690300
2231265 690660 2238675 691260
2231265 667620 2238675 668220
2231265 668580 2238675 669180
2231265 672420 2238675 673020
2231265 673380 2238675 673980
2231265 677220 2238675 677820
2231265 678180 2238675 678780
2231265 682020 2238675 682620
2231265 682980 2238675 683580
2231265 686820 2238675 687420
2231265 687780 2238675 688380
2231265 691620 2238675 692220
2231265 692580 2238675 693180
2200713 667620 2202195 668220
2200713 668580 2202195 669180
2200713 669540 2202195 670140
2200713 670500 2202195 671100
2200713 671460 2202195 672060
2200713 672420 2202195 673020
2200713 673380 2202195 673980
2200713 674340 2202195 674940
2200713 675300 2202195 675900
2200713 676260 2202195 676860
2200713 677220 2202195 677820
2200713 678180 2202195 678780
2200713 679140 2202195 679740
2200713 680100 2202195 680700
2200713 681060 2202195 681660
2200713 682020 2202195 682620
2200713 682980 2202195 683580
2200713 683940 2202195 684540
2200713 684900 2202195 685500
2200713 685860 2202195 686460
2200713 686820 2202195 687420
2200713 687780 2202195 688380
2200713 688740 2202195 689340
2200713 689700 2202195 690300
2200713 690660 2202195 691260
2200713 691620 2202195 692220
2200713 692580 2202195 693180
2202081 671460 2216787 672060
2202081 676260 2216787 676860
2202081 681060 2216787 681660
2202081 685860 2216787 686460
2202081 690660 2216787 691260
2216673 671460 2231379 672060
2216673 676260 2231379 676860
2216673 681060 2231379 681660
2216673 685860 2231379 686460
2216673 690660 2231379 691260
2200941 667140 2230239 667740
2200941 668100 2230239 668700
2200941 671940 2230239 672540
2200941 672900 2230239 673500
2200941 676740 2230239 677340
2200941 677700 2230239 678300
2200941 681540 2230239 682140
2200941 682500 2230239 683100
2200941 686340 2230239 686940
2200941 687300 2230239 687900
2200941 691140 2230239 691740
2200941 692100 2230239 692700
2202081 667620 2231379 668220
2202081 672420 2231379 673020
2202081 677220 2231379 677820
2202081 682020 2231379 682620
2202081 686820 2231379 687420
2202081 691620 2231379 692220
2237421 670020 2238447 670620
2237421 670980 2238447 671580
2237421 674820 2238447 675420
2237421 675780 2238447 676380
2237421 679620 2238447 680220
2237421 680580 2238447 681180
2237421 684420 2238447 685020
2237421 685380 2238447 685980
2237421 689220 2238447 689820
2237421 690180 2238447 690780
2200941 668580 2231379 669660
2200941 669540 2231379 670620
2200941 670500 2231379 671580
2200941 673380 2231379 674460
2200941 674340 2231379 675420
2200941 675300 2231379 676380
2200941 678180 2231379 679260
2200941 679140 2231379 680220
2200941 680100 2231379 681180
2200941 682980 2231379 684060
2200941 683940 2231379 685020
2200941 684900 2231379 685980
2200941 687780 2231379 688860
2200941 688740 2231379 689820
2200941 689700 2231379 690780
2200941 692580 2231379 693660
2230125 667140 2238447 667740
2230125 668100 2238447 668700
2230125 669060 2238447 669660
2230125 671940 2238447 672540
2230125 672900 2238447 673500
2230125 673860 2238447 674460
2230125 676740 2238447 677340
2230125 677700 2238447 678300
2230125 678660 2238447 679260
2230125 681540 2238447 682140
2230125 682500 2238447 683100
2230125 683460 2238447 684060
2230125 686340 2238447 686940
2230125 687300 2238447 687900
2230125 688260 2238447 688860
2230125 691140 2238447 691740
2230125 692100 2238447 692700
2230125 693060 2238447 693660
