22401 150660 29811 151260
22401 155460 29811 156060
22401 160260 29811 160860
44289 146820 51699 147420
44289 151620 51699 152220
44289 152580 51699 153180
44289 156420 51699 157020
44289 157380 51699 157980
46227 147780 53637 148380
85785 146340 93195 146940
85785 150180 93195 150780
85785 151140 93195 151740
85785 154980 93195 155580
85785 155940 93195 156540
85785 159780 93195 160380
116109 150660 123519 151260
116109 155460 123519 156060
116109 160260 123519 160860
139137 146340 146547 146940
139137 151140 146547 151740
139137 155940 146547 156540
184053 150660 191463 151260
184053 155460 191463 156060
184053 160260 191463 160860
198645 150660 206055 151260
198645 155460 206055 156060
198645 160260 206055 160860
214377 157860 221787 158460
215517 159300 222927 159900
220419 151620 227829 152220
513 146340 15219 146940
513 147300 15219 147900
513 147780 15219 148380
513 148260 15219 148860
513 150180 15219 150780
513 150660 15219 151260
513 151140 15219 151740
513 152100 15219 152700
513 153060 15219 153660
513 155460 15219 156060
513 155940 15219 156540
513 156900 15219 157500
513 157860 15219 158460
513 159780 15219 160380
513 160260 15219 160860
1995 154980 16701 155580
132981 150660 147687 151260
132981 155460 147687 156060
132981 160260 147687 160860
208221 147780 222927 148380
208221 155460 222927 156060
15105 147300 18867 147900
15105 148260 18867 148860
15105 152100 18867 152700
15105 153060 18867 153660
15105 156900 18867 157500
15105 157860 18867 158460
214377 151140 218139 151740
214377 152100 218139 152700
214377 153060 218139 153660
214377 155940 218139 156540
214377 156900 218139 157500
215517 150660 219279 151260
215517 152580 219279 153180
215517 157380 219279 157980
221559 150180 225321 150780
221787 153060 225549 153660
222813 155460 226575 156060
223383 146820 227145 147420
223383 158820 227145 159420
224067 157380 227829 157980
227715 147780 231477 148380
228627 154980 232389 155580
229995 146820 233757 147420
231363 151620 235125 152220
231363 153060 235125 153660
232275 149700 236037 150300
18753 147300 20235 147900
18753 148260 20235 148860
18753 149220 20235 149820
18753 152100 20235 152700
18753 153060 20235 153660
18753 154020 20235 154620
18753 156900 20235 157500
18753 157860 20235 158460
18753 158820 20235 159420
56373 147780 57855 148380
227259 147300 228741 147900
227259 148260 228741 148860
227259 149220 228741 149820
227259 151140 228741 151740
227259 152100 228741 152700
227259 153060 228741 153660
227259 154020 228741 154620
227259 154980 228741 155580
227259 155940 228741 156540
227259 159780 228741 160380
55233 146820 56259 147420
55233 148740 56259 149340
55233 149700 56259 150300
55233 150660 56259 151260
55233 151620 56259 152220
55233 152580 56259 153180
55233 153540 56259 154140
55233 154500 56259 155100
55233 155460 56259 156060
55233 156420 56259 157020
55233 157380 56259 157980
55233 158340 56259 158940
55233 159300 56259 159900
55233 160260 56259 160860
55347 147780 56373 148380
205941 146820 206967 147420
205941 150660 206967 151260
205941 151620 206967 152220
205941 152580 206967 153180
205941 156420 206967 157020
205941 157380 206967 157980
205941 160260 206967 160860
219051 150180 220077 150780
220533 149700 221559 150300
221103 151140 222129 151740
228741 152580 229767 153180
230451 152100 231477 152700
230679 151140 231705 151740
237861 146340 238887 146940
237861 157860 238887 158460
513 154980 855 155580
56145 150660 56487 151260
56145 155460 56487 156060
56145 160260 56487 160860
218823 149700 219165 150300
218937 156900 219279 157500
220419 151140 220761 151740
220419 158340 220761 158940
221559 152580 221901 153180
221673 157860 222015 158460
223497 159780 223839 160380
223497 160260 223839 160860
224067 158340 224409 158940
225207 152580 225549 153180
225207 153540 225549 154140
225663 159300 226005 159900
225891 156900 226233 157500
228513 150660 228855 151260
228627 148260 228969 148860
228627 153060 228969 153660
228627 158820 228969 159420
228627 159780 228969 160380
228627 160260 228969 160860
228741 154500 229083 155100
229539 151620 229881 152220
230451 146340 230793 146940
231135 150180 231477 150780
231135 150660 231477 151260
231249 157380 231591 157980
231249 159780 231591 160380
231249 160260 231591 160860
232731 155460 233073 156060
232959 158820 233301 159420
233415 152580 233757 153180
233415 155940 233757 156540
233415 156420 233757 157020
233643 146340 233985 146940
233643 146820 233985 147420
233643 150180 233985 150780
233643 154500 233985 155100
235467 146340 235809 146940
235467 150660 235809 151260
235467 157860 235809 158460
235467 158820 235809 159420
235923 147780 236265 148380
235923 154020 236265 154620
237063 147780 237405 148380
237063 148260 237405 148860
237063 151140 237405 151740
237063 152580 237405 153180
237063 154020 237405 154620
237063 156420 237405 157020
237063 156900 237405 157500
237063 158340 237405 158940
56145 146820 57855 147420
56145 148740 57855 149340
56145 149700 57855 150300
56145 151620 57855 152220
56145 152580 57855 153180
56145 153540 57855 154140
56145 154500 57855 155100
56145 156420 57855 157020
56145 157380 57855 157980
56145 158340 57855 158940
56145 159300 57855 159900
227031 146340 228741 146940
227031 150180 228741 150780
227031 156900 228741 157500
227031 157860 228741 158460
227031 158820 228741 159420
219849 154020 220419 154620
220647 150180 221217 150780
220989 146820 221559 147420
220989 150660 221559 151260
220989 160260 221559 160860
221103 148260 221673 148860
221331 156420 221901 157020
221787 158820 222357 159420
222015 157380 222585 157980
222243 150660 222813 151260
223269 154500 223839 155100
223383 147300 223953 147900
224067 151140 224637 151740
224523 154980 225093 155580
224979 152100 225549 152700
226803 147300 227373 147900
226803 149220 227373 149820
226803 158340 227373 158940
226803 159780 227373 160380
227031 150660 227601 151260
228399 159300 228969 159900
230451 154020 231021 154620
230451 154500 231021 155100
230451 155940 231021 156540
230451 156420 231021 157020
230451 157860 231021 158460
232503 153540 233073 154140
232959 147300 233529 147900
232959 148260 233529 148860
232959 149220 233529 149820
233415 154020 233985 154620
234555 158340 235125 158940
235011 153060 235581 153660
235239 156420 235809 157020
235239 157380 235809 157980
235353 151140 235923 151740
236835 149700 237405 150300
236835 151620 237405 152220
236835 154980 237405 155580
236835 155940 237405 156540
236835 159780 237405 160380
238317 155460 238887 156060
219051 148740 220989 149340
219165 150660 221103 151260
219165 152580 221103 153180
227715 158340 229653 158940
227943 149700 229881 150300
228627 149220 230565 149820
228627 152100 230565 152700
228627 157860 230565 158460
230679 158340 232617 158940
231363 157860 233301 158460
232959 147780 234897 148380
232959 159300 234897 159900
233415 155460 235353 156060
233643 157860 235581 158460
233871 147300 235809 147900
235239 156900 237177 157500
235467 146820 237405 147420
236037 157860 237975 158460
236265 160260 238203 160860
236379 150180 238317 150780
236379 153060 238317 153660
236493 155460 238431 156060
93081 146340 95475 146940
93081 147300 95475 147900
93081 148260 95475 148860
93081 149220 95475 149820
93081 150180 95475 150780
93081 151140 95475 151740
93081 152100 95475 152700
93081 153060 95475 153660
93081 154020 95475 154620
93081 154980 95475 155580
93081 155940 95475 156540
93081 156900 95475 157500
93081 157860 95475 158460
93081 158820 95475 159420
93081 159780 95475 160380
205941 147780 208335 148380
205941 148740 208335 149340
205941 149700 208335 150300
205941 153540 208335 154140
205941 154500 208335 155100
205941 155460 208335 156060
205941 158340 208335 158940
205941 159300 208335 159900
17043 147780 46341 148380
34713 146340 64011 146940
34713 150180 64011 150780
34713 151140 64011 151740
34713 154980 64011 155580
34713 155940 64011 156540
34713 159780 64011 160380
95361 150180 124659 150780
95361 154980 124659 155580
95361 159780 124659 160380
154869 150660 184167 151260
154869 155460 184167 156060
154869 160260 184167 160860
18411 154980 18867 155580
218253 148740 218709 149340
219849 158820 220305 159420
220761 147300 221217 147900
221445 149220 221901 149820
221445 149700 221901 150300
223155 150660 223611 151260
224637 147780 225093 148380
225093 154020 225549 154620
226917 148260 227373 148860
226917 152100 227373 152700
226917 153060 227373 153660
227373 155460 227829 156060
227943 146820 228399 147420
228627 154020 229083 154620
229539 147300 229995 147900
230337 148260 230793 148860
230451 149220 230907 149820
230565 151620 231021 152220
231135 156900 231591 157500
233985 158820 234441 159420
234783 158820 235239 159420
235239 152100 235695 152700
235239 155940 235695 156540
235239 159780 235695 160380
235467 148260 235923 148860
235695 147300 236151 147900
236949 150660 237405 151260
236949 158820 237405 159420
16017 147780 16245 148380
56259 147780 56487 148380
218937 149220 219165 149820
220191 152100 220419 152700
223953 148260 224181 148860
226119 146340 226347 146940
226119 150660 226347 151260
228627 150180 228855 150780
228627 155940 228855 156540
228627 156900 228855 157500
228627 157380 228855 157980
228741 153540 228969 154140
229083 146820 229311 147420
230679 149700 230907 150300
231249 158820 231477 159420
231249 159300 231477 159900
235011 148260 235239 148860
235467 154020 235695 154620
235923 149220 236151 149820
235923 153060 236151 153660
236037 156420 236265 157020
236151 157380 236379 157980
237177 152100 237405 152700
238659 148740 238887 149340
238089 160260 238887 160860
218025 150180 218709 150780
218253 149700 218937 150300
218937 152100 219621 152700
218937 154980 219621 155580
219165 154500 219849 155100
219165 158340 219849 158940
219849 148260 220533 148860
220647 157380 221331 157980
220989 152580 221673 153180
222927 159780 223611 160380
222927 160260 223611 160860
224637 147300 225321 147900
224637 159300 225321 159900
224865 148740 225549 149340
225435 154980 226119 155580
226461 155460 227145 156060
226917 148740 227601 149340
227943 150660 228627 151260
228171 151620 228855 152220
228171 154500 228855 155100
229083 155460 229767 156060
229653 152580 230337 153180
230337 153060 231021 153660
230679 157380 231363 157980
231249 148740 231933 149340
231249 153540 231933 154140
231591 151140 232275 151740
235011 154980 235695 155580
235467 150180 236151 150780
235467 154500 236151 155100
235695 159300 236379 159900
236493 147780 237177 148380
236493 154020 237177 154620
236493 156420 237177 157020
236493 158340 237177 158940
238203 150180 238887 150780
238203 153060 238887 153660
16131 147780 17157 148380
741 154980 2109 155580
18753 146340 27531 146940
18753 150180 27531 150780
18753 151140 27531 151740
18753 154980 27531 155580
18753 155940 27531 156540
18753 159780 27531 160380
56373 150660 65151 151260
56373 155460 65151 156060
56373 160260 65151 160860
206853 146820 215631 147420
206853 150660 215631 151260
206853 151620 215631 152220
206853 152580 215631 153180
206853 156420 215631 157020
206853 157380 215631 157980
206853 160260 215631 160860
513 146820 44403 147420
513 151620 44403 152220
513 152580 44403 153180
513 156420 44403 157020
513 157380 44403 157980
72333 150660 116223 151260
72333 155460 116223 156060
72333 160260 116223 160860
95361 146340 139251 146940
95361 151140 139251 151740
95361 155940 139251 156540
170601 147300 214491 147900
170601 148260 214491 148860
170601 152100 214491 152700
170601 153060 214491 153660
170601 156900 214491 157500
170601 157860 214491 158460
20121 147300 93195 147900
20121 148260 93195 148860
20121 152100 93195 152700
20121 153060 93195 153660
20121 156900 93195 157500
20121 157860 93195 158460
57741 146820 130815 147420
57741 147780 130815 148380
57741 151620 130815 152220
57741 152580 130815 153180
57741 156420 130815 157020
57741 157380 130815 157980
95361 147300 168435 147900
95361 148260 168435 148860
95361 152100 168435 152700
95361 153060 168435 153660
95361 156900 168435 157500
95361 157860 168435 158460
132981 146820 206055 147420
132981 147780 206055 148380
132981 151620 206055 152220
132981 152580 206055 153180
132981 156420 206055 157020
132981 157380 206055 157980
220647 151140 221217 151740
221331 158820 221901 159420
218595 148740 219165 149340
218595 150180 219165 150780
219507 154980 220077 155580
219735 154500 220305 155100
220191 158820 220761 159420
220647 154980 221217 155580
221103 147300 221673 147900
221103 150180 221673 150780
222243 158820 222813 159420
222699 150660 223269 151260
222699 151140 223269 151740
222927 146820 223497 147420
223611 158340 224181 158940
223839 146340 224409 146940
224067 148260 224637 148860
224523 151140 225093 151740
224751 153540 225321 154140
224979 147780 225549 148380
224979 154980 225549 155580
225207 159300 225777 159900
225435 154020 226005 154620
225891 159300 226461 159900
226575 156900 227145 157500
226575 157860 227145 158460
226803 154020 227373 154620
226803 154980 227373 155580
227031 159300 227601 159900
227259 147780 227829 148380
227259 158340 227829 158940
227487 148740 228057 149340
227487 149700 228057 150300
227487 150660 228057 151260
227715 151620 228285 152220
230223 151140 230793 151740
230223 152580 230793 153180
230223 158340 230793 158940
230679 146340 231249 146940
230679 148260 231249 148860
230907 151620 231477 152220
230907 153060 231477 153660
230907 157860 231477 158460
231135 146340 231705 146940
232275 155460 232845 156060
232959 152580 233529 153180
232959 153540 233529 154140
232959 155460 233529 156060
233187 146340 233757 146940
233187 157860 233757 158460
233415 147300 233985 147900
233415 149220 233985 149820
233415 153540 233985 154140
233643 151140 234213 151740
234099 158340 234669 158940
234327 158820 234897 159420
235011 158340 235581 158940
235467 147780 236037 148380
235467 149220 236037 149820
235467 153060 236037 153660
235695 157380 236265 157980
218937 151140 220533 152220
218937 153060 220533 154140
218937 155940 220533 157020
219051 149220 220647 150300
219165 156900 220761 157980
221445 146340 223041 147420
221445 159780 223041 160860
221559 148260 223155 149340
221787 154020 223383 155100
223725 159780 225321 160860
225435 148260 227031 149340
225435 152100 227031 153180
225435 153060 227031 154140
228741 150180 230337 151260
228741 156900 230337 157980
228855 148260 230451 149340
228855 153060 230451 154140
228855 158820 230451 159900
228855 159780 230451 160860
228969 154020 230565 155100
230793 149220 232389 150300
231477 156900 233073 157980
231477 159780 233073 160860
219507 152100 220305 152700
219735 158340 220533 158940
219963 150180 220761 150780
219963 154980 220761 155580
220419 148260 221217 148860
220419 153060 221217 153660
220419 155940 221217 156540
221103 153060 221901 153660
221103 154980 221901 155580
221103 158340 221901 158940
222699 157860 223497 158460
222699 158820 223497 159420
223383 156900 224181 157500
224295 152100 225093 152700
224979 151140 225777 151740
225207 147300 226005 147900
226119 159780 226917 160380
227031 160260 227829 160860
231819 148740 232617 149340
231819 153540 232617 154140
232275 149220 233073 149820
232959 150180 233757 150780
232959 154500 233757 155100
227031 155460 227487 156060
235011 151140 235467 151740
235125 148260 235581 148860
235125 158820 235581 159420
235581 152100 236037 152700
235581 154020 236037 154620
235581 154980 236037 155580
235581 155940 236037 156540
235581 159780 236037 160380
235695 146340 236151 146940
235695 150660 236151 151260
235695 156420 236151 157020
235695 157860 236151 158460
235695 158820 236151 159420
235809 148260 236265 148860
235809 151140 236265 151740
235923 152100 236379 152700
235923 160260 236379 160860
236037 147300 236493 147900
236037 149220 236493 149820
236037 150180 236493 150780
236037 153060 236493 153660
236037 154500 236493 155100
236151 147780 236607 148380
236151 154020 236607 154620
236151 155460 236607 156060
236151 156420 236607 157020
236151 158340 236607 158940
236265 157380 236721 157980
236265 159300 236721 159900
237291 146820 238887 147420
237291 147300 238887 147900
237291 147780 238887 148380
237291 148260 238887 148860
237291 149220 238887 149820
237291 149700 238887 150300
237291 150660 238887 151260
237291 151140 238887 151740
237291 151620 238887 152220
237291 152100 238887 152700
237291 152580 238887 153180
237291 153540 238887 154140
237291 154020 238887 154620
237291 154500 238887 155100
237291 154980 238887 155580
237291 155940 238887 156540
237291 156420 238887 157020
237291 156900 238887 157500
237291 157380 238887 157980
237291 158340 238887 158940
237291 158820 238887 159420
237291 159300 238887 159900
237291 159780 238887 160380
15105 147780 16131 148380
217341 148740 218367 149340
217341 149700 218367 150300
217341 151620 218367 152220
217341 153540 218367 154140
217341 156420 218367 157020
218025 149220 219051 149820
218025 151140 219051 151740
218025 152100 219051 152700
218025 153060 219051 153660
218025 154980 219051 155580
218025 155940 219051 156540
218025 156900 219051 157500
219849 146340 220875 146940
219849 147300 220875 147900
219849 159780 220875 160380
220191 154500 221217 155100
220419 156420 221445 157020
220533 149220 221559 149820
222471 156900 223497 157500
222927 146340 223953 146940
223041 148260 224067 148860
223155 151140 224181 151740
223383 149220 224409 149820
223383 149700 224409 150300
223383 152100 224409 152700
223383 157860 224409 158460
223611 154980 224637 155580
224523 148260 225549 148860
225207 159780 226233 160380
225663 151140 226689 151740
225663 155940 226689 156540
225663 156420 226689 157020
225891 147300 226917 147900
225891 149220 226917 149820
225891 149700 226917 150300
225891 154020 226917 154620
225891 158340 226917 158940
227031 146820 228057 147420
227487 159300 228513 159900
227715 157380 228741 157980
227715 160260 228741 160860
227943 148740 228969 149340
228171 155460 229197 156060
228627 147300 229653 147900
228627 151140 229653 151740
229539 155940 230565 156540
229539 156420 230565 157020
229767 149700 230793 150300
230223 150180 231249 150780
230223 150660 231249 151260
230223 156900 231249 157500
230337 148740 231363 149340
230337 153540 231363 154140
230337 158820 231363 159420
230337 159300 231363 159900
230337 159780 231363 160380
230337 160260 231363 160860
231591 146340 232617 146940
232503 148740 233529 149340
232503 154020 233529 154620
232503 155940 233529 156540
232503 156420 233529 157020
232503 158340 233529 158940
232959 150660 233985 151260
233871 149220 234897 149820
234099 151140 235125 151740
234099 154980 235125 155580
234783 159300 235809 159900
235239 155460 236265 156060
235695 153540 236721 154140
235923 149700 236949 150300
235923 154980 236949 155580
235923 155940 236949 156540
235923 159780 236949 160380
236037 150660 237063 151260
236037 158820 237063 159420
236151 148260 237177 148860
236151 151140 237177 151740
236265 152100 237291 152700
236379 147300 237405 147900
236379 149220 237405 149820
236379 154500 237405 155100
16587 154980 18525 155580
53523 147780 55461 148380
215517 148740 217455 149340
215517 149700 217455 150300
215517 151620 217455 152220
215517 153540 217455 154140
215517 156420 217455 157020
218025 146340 219963 146940
218025 147300 219963 147900
218025 148260 219963 148860
218025 154020 219963 154620
218025 158820 219963 159420
218025 159780 219963 160380
219165 146820 221103 147420
219165 160260 221103 160860
220647 156900 222585 157500
221559 147300 223497 147900
221787 154980 223725 155580
221787 158340 223725 158940
222813 147780 224751 148380
222813 159300 224751 159900
223041 148740 224979 149340
223269 154020 225207 154620
223383 152580 225321 153180
224067 156900 226005 157500
224295 146340 226233 146940
224295 150660 226233 151260
225207 150180 227145 150780
225207 160260 227145 160860
225435 147780 227373 148380
226917 152580 228855 153180
226917 153540 228855 154140
227715 156420 229653 157020
228627 146340 230565 146940
230451 155460 232389 156060
231135 148260 233073 148860
232275 154980 234213 155580
233871 153540 235809 154140
235011 151620 236949 152220
235239 152580 237177 153180
236037 146340 237975 146940
221787 149220 223497 150300
221787 152100 223497 153180
221787 155940 223497 157020
224067 155940 225777 157020
224295 149220 226005 150300
224295 157860 226005 158940
230907 154020 232617 155100
230907 155940 232617 157020
231363 147300 233073 148380
231363 150180 233073 151260
231363 152100 233073 153180
231363 158820 233073 159900
233415 148260 235125 149340
233643 152100 235353 153180
233643 155940 235353 157020
233643 156900 235353 157980
233643 159780 235353 160860
233871 146340 235581 147420
233871 150180 235581 151260
233871 154020 235581 155100
218253 151620 219051 152220
218253 153540 219051 154140
218253 156420 219051 157020
220647 158820 221445 159420
220761 146340 221559 146940
220761 159780 221559 160380
220875 148740 221673 149340
221103 152100 221901 152700
221103 154020 221901 154620
221103 154500 221901 155100
221103 155940 221901 156540
222015 151140 222813 151740
222927 157380 223725 157980
223383 155940 224181 156540
223383 156420 224181 157020
224067 153540 224865 154140
225891 157860 226689 158460
226347 159300 227145 159900
226575 151140 227373 151740
226575 155940 227373 156540
226575 156420 227373 157020
226803 149700 227601 150300
229539 151140 230337 151740
229539 158340 230337 158940
230679 147300 231477 147900
230679 152580 231477 153180
232503 146340 233301 146940
232959 151140 233757 151740
232959 152100 233757 152700
232959 156900 233757 157500
232959 157380 233757 157980
232959 159780 233757 160380
232959 160260 233757 160860
233415 158340 234213 158940
234783 147780 235581 148380
234783 149220 235581 149820
235239 160260 236037 160860
235467 158340 236265 158940
236607 153540 237405 154140
236607 157380 237405 157980
236607 159300 237405 159900
220647 158340 221217 158940
222471 157380 223041 157980
223611 157380 224181 157980
226119 156900 226689 157500
227259 156420 227829 157020
227715 155460 228285 156060
230223 157380 230793 157980
232503 154500 233073 155100
15105 146340 18867 146940
15105 149220 18867 149820
15105 150180 18867 150780
15105 151140 18867 151740
15105 154020 18867 154620
15105 155940 18867 156540
15105 158820 18867 159420
15105 159780 18867 160380
51585 146820 55347 147420
51585 148740 55347 149340
51585 149700 55347 150300
51585 150660 55347 151260
51585 151620 55347 152220
51585 152580 55347 153180
51585 153540 55347 154140
51585 154500 55347 155100
51585 155460 55347 156060
51585 156420 55347 157020
51585 157380 55347 157980
51585 158340 55347 158940
51585 159300 55347 159900
51585 160260 55347 160860
214377 146340 218139 146940
214377 147300 218139 147900
214377 148260 218139 148860
214377 149220 218139 149820
214377 150180 218139 150780
214377 154020 218139 154620
214377 154980 218139 155580
214377 158820 218139 159420
214377 159780 218139 160380
215517 146820 219279 147420
215517 154500 219279 155100
215517 158340 219279 158940
215517 160260 219279 160860
220419 153540 224181 154140
224523 154500 228285 155100
235011 148740 238773 149340
15105 150660 22515 151260
15105 155460 22515 156060
15105 160260 22515 160860
27417 146340 34827 146940
27417 150180 34827 150780
27417 151140 34827 151740
27417 154980 34827 155580
27417 155940 34827 156540
27417 159780 34827 160380
44289 148740 51699 149340
44289 149700 51699 150300
44289 153540 51699 154140
44289 154500 51699 155100
44289 158340 51699 158940
44289 159300 51699 159900
65037 150660 72447 151260
65037 155460 72447 156060
65037 160260 72447 160860
123405 150660 130815 151260
123405 155460 130815 156060
123405 160260 130815 160860
147573 150660 154983 151260
147573 155460 154983 156060
147573 160260 154983 160860
191349 150660 198759 151260
191349 155460 198759 156060
191349 160260 198759 160860
208221 148740 215631 149340
208221 149700 215631 150300
208221 153540 215631 154140
208221 154500 215631 155100
208221 158340 215631 158940
208221 159300 215631 159900
513 149220 15219 149820
513 154020 15219 154620
513 158820 15219 159420
220305 152100 221217 152700
220305 154020 221217 154620
221217 157380 222129 157980
221445 150660 222357 151260
221901 157860 222813 158460
223497 150660 224409 151260
223725 154500 224637 155100
223839 147300 224751 147900
226005 154980 226917 155580
226233 146340 227145 146940
226233 150660 227145 151260
228285 146820 229197 147420
228741 151620 229653 152220
228741 155940 229653 156540
229197 146820 230109 147420
229653 155460 230565 156060
229767 151620 230679 152220
229881 147300 230793 147900
232161 151140 233073 151740
233187 158820 234099 159420
29697 150660 51699 151260
29697 155460 51699 156060
29697 160260 51699 160860
63897 146340 85899 146940
63897 150180 85899 150780
63897 151140 85899 151740
63897 154980 85899 155580
63897 155940 85899 156540
63897 159780 85899 160380
124545 150180 146547 150780
124545 154980 146547 155580
124545 159780 146547 160380
146433 146340 168435 146940
146433 150180 168435 150780
146433 151140 168435 151740
146433 154980 168435 155580
146433 155940 168435 156540
146433 159780 168435 160380
170601 146340 192603 146940
170601 150180 192603 150780
170601 151140 192603 151740
170601 154980 192603 155580
170601 155940 192603 156540
170601 159780 192603 160380
192489 146340 214491 146940
192489 150180 214491 150780
192489 151140 214491 151740
192489 154980 214491 155580
192489 155940 214491 156540
192489 159780 214491 160380
130701 146820 133095 147420
130701 147780 133095 148380
130701 148740 133095 149340
130701 149700 133095 150300
130701 150660 133095 151260
130701 151620 133095 152220
130701 152580 133095 153180
130701 153540 133095 154140
130701 154500 133095 155100
130701 155460 133095 156060
130701 156420 133095 157020
130701 157380 133095 157980
130701 158340 133095 158940
130701 159300 133095 159900
130701 160260 133095 160860
168321 146340 170715 146940
168321 147300 170715 147900
168321 148260 170715 148860
168321 149220 170715 149820
168321 150180 170715 150780
168321 151140 170715 151740
168321 152100 170715 152700
168321 153060 170715 153660
168321 154020 170715 154620
168321 154980 170715 155580
168321 155940 170715 156540
168321 156900 170715 157500
168321 157860 170715 158460
168321 158820 170715 159420
168321 159780 170715 160380
513 148740 44403 149340
513 149700 44403 150300
513 153540 44403 154140
513 154500 44403 155100
513 158340 44403 158940
513 159300 44403 159900
170601 149220 214491 149820
170601 154020 214491 154620
170601 158820 214491 159420
20121 149220 93195 149820
20121 154020 93195 154620
20121 158820 93195 159420
57741 148740 130815 149340
57741 149700 130815 150300
57741 153540 130815 154140
57741 154500 130815 155100
57741 158340 130815 158940
57741 159300 130815 159900
95361 149220 168435 149820
95361 154020 168435 154620
95361 158820 168435 159420
132981 148740 206055 149340
132981 149700 206055 150300
132981 153540 206055 154140
132981 154500 206055 155100
132981 158340 206055 158940
132981 159300 206055 159900
