0 -182 532 138
0 -122 532 198
0 -62 532 258
0 -2 532 318
0 58 532 378
0 118 532 438
0 3238 532 3558
0 3298 532 3618
0 3358 532 3678
0 3418 532 3738
0 3478 532 3798
0 3538 532 3858
360 -182 892 138
360 -122 892 198
360 -62 892 258
360 -2 892 318
360 58 892 378
360 118 892 438
360 3238 892 3558
360 3298 892 3618
360 3358 892 3678
360 3418 892 3738
360 3478 892 3798
360 3538 892 3858
720 -182 1252 138
720 -122 1252 198
720 -62 1252 258
720 -2 1252 318
720 58 1252 378
720 118 1252 438
720 3238 1252 3558
720 3298 1252 3618
720 3358 1252 3678
720 3418 1252 3738
720 3478 1252 3798
720 3538 1252 3858
1080 -182 1612 138
1080 -122 1612 198
1080 -62 1612 258
1080 -2 1612 318
1080 58 1612 378
1080 118 1612 438
1080 3238 1612 3558
1080 3298 1612 3618
1080 3358 1612 3678
1080 3418 1612 3738
1080 3478 1612 3798
1080 3538 1612 3858
1440 -182 1972 138
1440 -122 1972 198
1440 -62 1972 258
1440 -2 1972 318
1440 58 1972 378
1440 118 1972 438
1440 3238 1972 3558
1440 3298 1972 3618
1440 3358 1972 3678
1440 3418 1972 3738
1440 3478 1972 3798
1440 3538 1972 3858
1800 -182 2332 138
1800 -122 2332 198
1800 -62 2332 258
1800 -2 2332 318
1800 58 2332 378
1800 118 2332 438
1800 3238 2332 3558
1800 3298 2332 3618
1800 3358 2332 3678
1800 3418 2332 3738
1800 3478 2332 3798
1800 3538 2332 3858
2160 -182 2692 138
2160 -122 2692 198
2160 -62 2692 258
2160 -2 2692 318
2160 58 2692 378
2160 118 2692 438
2160 3238 2692 3558
2160 3298 2692 3618
2160 3358 2692 3678
2160 3418 2692 3738
2160 3478 2692 3798
2160 3538 2692 3858
2520 -182 3052 138
2520 -122 3052 198
2520 -62 3052 258
2520 -2 3052 318
2520 58 3052 378
2520 118 3052 438
2520 3238 3052 3558
2520 3298 3052 3618
2520 3358 3052 3678
2520 3418 3052 3738
2520 3478 3052 3798
2520 3538 3052 3858
2880 -182 3412 138
2880 -122 3412 198
2880 -62 3412 258
2880 -2 3412 318
2880 58 3412 378
2880 118 3412 438
2880 3238 3412 3558
2880 3298 3412 3618
2880 3358 3412 3678
2880 3418 3412 3738
2880 3478 3412 3798
2880 3538 3412 3858
3240 -182 3772 138
3240 -122 3772 198
3240 -62 3772 258
3240 -2 3772 318
3240 58 3772 378
3240 118 3772 438
3240 3238 3772 3558
3240 3298 3772 3618
3240 3358 3772 3678
3240 3418 3772 3738
3240 3478 3772 3798
3240 3538 3772 3858
3600 -182 4132 138
3600 -122 4132 198
3600 -62 4132 258
3600 -2 4132 318
3600 58 4132 378
3600 118 4132 438
3600 3238 4132 3558
3600 3298 4132 3618
3600 3358 4132 3678
3600 3418 4132 3738
3600 3478 4132 3798
3600 3538 4132 3858
3960 -182 4492 138
3960 -122 4492 198
3960 -62 4492 258
3960 -2 4492 318
3960 58 4492 378
3960 118 4492 438
3960 3238 4492 3558
3960 3298 4492 3618
3960 3358 4492 3678
3960 3418 4492 3738
3960 3478 4492 3798
3960 3538 4492 3858
4320 -182 4852 138
4320 -122 4852 198
4320 -62 4852 258
4320 -2 4852 318
4320 58 4852 378
4320 118 4852 438
4320 3238 4852 3558
4320 3298 4852 3618
4320 3358 4852 3678
4320 3418 4852 3738
4320 3478 4852 3798
4320 3538 4852 3858
4680 -182 5212 138
4680 -122 5212 198
4680 -62 5212 258
4680 -2 5212 318
4680 58 5212 378
4680 118 5212 438
4680 3238 5212 3558
4680 3298 5212 3618
4680 3358 5212 3678
4680 3418 5212 3738
4680 3478 5212 3798
4680 3538 5212 3858
5040 -182 5572 138
5040 -122 5572 198
5040 -62 5572 258
5040 -2 5572 318
5040 58 5572 378
5040 118 5572 438
5040 3238 5572 3558
5040 3298 5572 3618
5040 3358 5572 3678
5040 3418 5572 3738
5040 3478 5572 3798
5040 3538 5572 3858
5400 -182 5932 138
5400 -122 5932 198
5400 -62 5932 258
5400 -2 5932 318
5400 58 5932 378
5400 118 5932 438
5400 3238 5932 3558
5400 3298 5932 3618
5400 3358 5932 3678
5400 3418 5932 3738
5400 3478 5932 3798
5400 3538 5932 3858
5760 -182 6292 138
5760 -122 6292 198
5760 -62 6292 258
5760 -2 6292 318
5760 58 6292 378
5760 118 6292 438
5760 3238 6292 3558
5760 3298 6292 3618
5760 3358 6292 3678
5760 3418 6292 3738
5760 3478 6292 3798
5760 3538 6292 3858
6120 -182 6652 138
6120 -122 6652 198
6120 -62 6652 258
6120 -2 6652 318
6120 58 6652 378
6120 118 6652 438
6120 3238 6652 3558
6120 3298 6652 3618
6120 3358 6652 3678
6120 3418 6652 3738
6120 3478 6652 3798
6120 3538 6652 3858
6480 -182 7012 138
6480 -122 7012 198
6480 -62 7012 258
6480 -2 7012 318
6480 58 7012 378
6480 118 7012 438
6480 3238 7012 3558
6480 3298 7012 3618
6480 3358 7012 3678
6480 3418 7012 3738
6480 3478 7012 3798
6480 3538 7012 3858
6840 -182 7372 138
6840 -122 7372 198
6840 -62 7372 258
6840 -2 7372 318
6840 58 7372 378
6840 118 7372 438
6840 3238 7372 3558
6840 3298 7372 3618
6840 3358 7372 3678
6840 3418 7372 3738
6840 3478 7372 3798
6840 3538 7372 3858
7200 -182 7732 138
7200 -122 7732 198
7200 -62 7732 258
7200 -2 7732 318
7200 58 7732 378
7200 118 7732 438
7200 3238 7732 3558
7200 3298 7732 3618
7200 3358 7732 3678
7200 3418 7732 3738
7200 3478 7732 3798
7200 3538 7732 3858
7560 -182 8092 138
7560 -122 8092 198
7560 -62 8092 258
7560 -2 8092 318
7560 58 8092 378
7560 118 8092 438
7560 3238 8092 3558
7560 3298 8092 3618
7560 3358 8092 3678
7560 3418 8092 3738
7560 3478 8092 3798
7560 3538 8092 3858
7920 -182 8452 138
7920 -122 8452 198
7920 -62 8452 258
7920 -2 8452 318
7920 58 8452 378
7920 118 8452 438
7920 3238 8452 3558
7920 3298 8452 3618
7920 3358 8452 3678
7920 3418 8452 3738
7920 3478 8452 3798
7920 3538 8452 3858
8280 -182 8812 138
8280 -122 8812 198
8280 -62 8812 258
8280 -2 8812 318
8280 58 8812 378
8280 118 8812 438
8280 3238 8812 3558
8280 3298 8812 3618
8280 3358 8812 3678
8280 3418 8812 3738
8280 3478 8812 3798
8280 3538 8812 3858
8640 -182 9172 138
8640 -122 9172 198
8640 -62 9172 258
8640 -2 9172 318
8640 58 9172 378
8640 118 9172 438
8640 3238 9172 3558
8640 3298 9172 3618
8640 3358 9172 3678
8640 3418 9172 3738
8640 3478 9172 3798
8640 3538 9172 3858
9000 -182 9532 138
9000 -122 9532 198
9000 -62 9532 258
9000 -2 9532 318
9000 58 9532 378
9000 118 9532 438
9000 3238 9532 3558
9000 3298 9532 3618
9000 3358 9532 3678
9000 3418 9532 3738
9000 3478 9532 3798
9000 3538 9532 3858
9360 -182 9892 138
9360 -122 9892 198
9360 -62 9892 258
9360 -2 9892 318
9360 58 9892 378
9360 118 9892 438
9360 3238 9892 3558
9360 3298 9892 3618
9360 3358 9892 3678
9360 3418 9892 3738
9360 3478 9892 3798
9360 3538 9892 3858
9720 -182 10252 138
9720 -122 10252 198
9720 -62 10252 258
9720 -2 10252 318
9720 58 10252 378
9720 118 10252 438
9720 3238 10252 3558
9720 3298 10252 3618
9720 3358 10252 3678
9720 3418 10252 3738
9720 3478 10252 3798
9720 3538 10252 3858
10080 -182 10612 138
10080 -122 10612 198
10080 -62 10612 258
10080 -2 10612 318
10080 58 10612 378
10080 118 10612 438
10080 3238 10612 3558
10080 3298 10612 3618
10080 3358 10612 3678
10080 3418 10612 3738
10080 3478 10612 3798
10080 3538 10612 3858
10440 -182 10972 138
10440 -122 10972 198
10440 -62 10972 258
10440 -2 10972 318
10440 58 10972 378
10440 118 10972 438
10440 3238 10972 3558
10440 3298 10972 3618
10440 3358 10972 3678
10440 3418 10972 3738
10440 3478 10972 3798
10440 3538 10972 3858
10800 -182 11332 138
10800 -122 11332 198
10800 -62 11332 258
10800 -2 11332 318
10800 58 11332 378
10800 118 11332 438
10800 3238 11332 3558
10800 3298 11332 3618
10800 3358 11332 3678
10800 3418 11332 3738
10800 3478 11332 3798
10800 3538 11332 3858
11160 -182 11692 138
11160 -122 11692 198
11160 -62 11692 258
11160 -2 11692 318
11160 58 11692 378
11160 118 11692 438
11160 3238 11692 3558
11160 3298 11692 3618
11160 3358 11692 3678
11160 3418 11692 3738
11160 3478 11692 3798
11160 3538 11692 3858
11520 -182 12052 138
11520 -122 12052 198
11520 -62 12052 258
11520 -2 12052 318
11520 58 12052 378
11520 118 12052 438
11520 3238 12052 3558
11520 3298 12052 3618
11520 3358 12052 3678
11520 3418 12052 3738
11520 3478 12052 3798
11520 3538 12052 3858
11880 -182 12412 138
11880 -122 12412 198
11880 -62 12412 258
11880 -2 12412 318
11880 58 12412 378
11880 118 12412 438
11880 3238 12412 3558
11880 3298 12412 3618
11880 3358 12412 3678
11880 3418 12412 3738
11880 3478 12412 3798
11880 3538 12412 3858
12240 -182 12772 138
12240 -122 12772 198
12240 -62 12772 258
12240 -2 12772 318
12240 58 12772 378
12240 118 12772 438
12240 3238 12772 3558
12240 3298 12772 3618
12240 3358 12772 3678
12240 3418 12772 3738
12240 3478 12772 3798
12240 3538 12772 3858
12600 -182 13132 138
12600 -122 13132 198
12600 -62 13132 258
12600 -2 13132 318
12600 58 13132 378
12600 118 13132 438
12600 3238 13132 3558
12600 3298 13132 3618
12600 3358 13132 3678
12600 3418 13132 3738
12600 3478 13132 3798
12600 3538 13132 3858
12960 -182 13492 138
12960 -122 13492 198
12960 -62 13492 258
12960 -2 13492 318
12960 58 13492 378
12960 118 13492 438
12960 3238 13492 3558
12960 3298 13492 3618
12960 3358 13492 3678
12960 3418 13492 3738
12960 3478 13492 3798
12960 3538 13492 3858
13320 -182 13852 138
13320 -122 13852 198
13320 -62 13852 258
13320 -2 13852 318
13320 58 13852 378
13320 118 13852 438
13320 3238 13852 3558
13320 3298 13852 3618
13320 3358 13852 3678
13320 3418 13852 3738
13320 3478 13852 3798
13320 3538 13852 3858
13680 -182 14212 138
13680 -122 14212 198
13680 -62 14212 258
13680 -2 14212 318
13680 58 14212 378
13680 118 14212 438
13680 3238 14212 3558
13680 3298 14212 3618
13680 3358 14212 3678
13680 3418 14212 3738
13680 3478 14212 3798
13680 3538 14212 3858
14040 -182 14572 138
14040 -122 14572 198
14040 -62 14572 258
14040 -2 14572 318
14040 58 14572 378
14040 118 14572 438
14040 3238 14572 3558
14040 3298 14572 3618
14040 3358 14572 3678
14040 3418 14572 3738
14040 3478 14572 3798
14040 3538 14572 3858
14400 -182 14932 138
14400 -122 14932 198
14400 -62 14932 258
14400 -2 14932 318
14400 58 14932 378
14400 118 14932 438
14400 3238 14932 3558
14400 3298 14932 3618
14400 3358 14932 3678
14400 3418 14932 3738
14400 3478 14932 3798
14400 3538 14932 3858
14760 -182 15292 138
14760 -122 15292 198
14760 -62 15292 258
14760 -2 15292 318
14760 58 15292 378
14760 118 15292 438
14760 3238 15292 3558
14760 3298 15292 3618
14760 3358 15292 3678
14760 3418 15292 3738
14760 3478 15292 3798
14760 3538 15292 3858
15120 -182 15652 138
15120 -122 15652 198
15120 -62 15652 258
15120 -2 15652 318
15120 58 15652 378
15120 118 15652 438
15120 3238 15652 3558
15120 3298 15652 3618
15120 3358 15652 3678
15120 3418 15652 3738
15120 3478 15652 3798
15120 3538 15652 3858
15480 -182 16012 138
15480 -122 16012 198
15480 -62 16012 258
15480 -2 16012 318
15480 58 16012 378
15480 118 16012 438
15480 3238 16012 3558
15480 3298 16012 3618
15480 3358 16012 3678
15480 3418 16012 3738
15480 3478 16012 3798
15480 3538 16012 3858
15840 -182 16372 138
15840 -122 16372 198
15840 -62 16372 258
15840 -2 16372 318
15840 58 16372 378
15840 118 16372 438
15840 3238 16372 3558
15840 3298 16372 3618
15840 3358 16372 3678
15840 3418 16372 3738
15840 3478 16372 3798
15840 3538 16372 3858
16200 -182 16732 138
16200 -122 16732 198
16200 -62 16732 258
16200 -2 16732 318
16200 58 16732 378
16200 118 16732 438
16200 3238 16732 3558
16200 3298 16732 3618
16200 3358 16732 3678
16200 3418 16732 3738
16200 3478 16732 3798
16200 3538 16732 3858
16560 -182 17092 138
16560 -122 17092 198
16560 -62 17092 258
16560 -2 17092 318
16560 58 17092 378
16560 118 17092 438
16560 3238 17092 3558
16560 3298 17092 3618
16560 3358 17092 3678
16560 3418 17092 3738
16560 3478 17092 3798
16560 3538 17092 3858
16920 -182 17452 138
16920 -122 17452 198
16920 -62 17452 258
16920 -2 17452 318
16920 58 17452 378
16920 118 17452 438
16920 3238 17452 3558
16920 3298 17452 3618
16920 3358 17452 3678
16920 3418 17452 3738
16920 3478 17452 3798
16920 3538 17452 3858
17280 -182 17812 138
17280 -122 17812 198
17280 -62 17812 258
17280 -2 17812 318
17280 58 17812 378
17280 118 17812 438
17280 3238 17812 3558
17280 3298 17812 3618
17280 3358 17812 3678
17280 3418 17812 3738
17280 3478 17812 3798
17280 3538 17812 3858
17640 -182 18172 138
17640 -122 18172 198
17640 -62 18172 258
17640 -2 18172 318
17640 58 18172 378
17640 118 18172 438
17640 3238 18172 3558
17640 3298 18172 3618
17640 3358 18172 3678
17640 3418 18172 3738
17640 3478 18172 3798
17640 3538 18172 3858
18000 -182 18532 138
18000 -122 18532 198
18000 -62 18532 258
18000 -2 18532 318
18000 58 18532 378
18000 118 18532 438
18000 3238 18532 3558
18000 3298 18532 3618
18000 3358 18532 3678
18000 3418 18532 3738
18000 3478 18532 3798
18000 3538 18532 3858
18360 -182 18892 138
18360 -122 18892 198
18360 -62 18892 258
18360 -2 18892 318
18360 58 18892 378
18360 118 18892 438
18360 3238 18892 3558
18360 3298 18892 3618
18360 3358 18892 3678
18360 3418 18892 3738
18360 3478 18892 3798
18360 3538 18892 3858
18720 -182 19252 138
18720 -122 19252 198
18720 -62 19252 258
18720 -2 19252 318
18720 58 19252 378
18720 118 19252 438
18720 3238 19252 3558
18720 3298 19252 3618
18720 3358 19252 3678
18720 3418 19252 3738
18720 3478 19252 3798
18720 3538 19252 3858
19080 -182 19612 138
19080 -122 19612 198
19080 -62 19612 258
19080 -2 19612 318
19080 58 19612 378
19080 118 19612 438
19080 3238 19612 3558
19080 3298 19612 3618
19080 3358 19612 3678
19080 3418 19612 3738
19080 3478 19612 3798
19080 3538 19612 3858
19440 -182 19972 138
19440 -122 19972 198
19440 -62 19972 258
19440 -2 19972 318
19440 58 19972 378
19440 118 19972 438
19440 3238 19972 3558
19440 3298 19972 3618
19440 3358 19972 3678
19440 3418 19972 3738
19440 3478 19972 3798
19440 3538 19972 3858
19800 -182 20332 138
19800 -122 20332 198
19800 -62 20332 258
19800 -2 20332 318
19800 58 20332 378
19800 118 20332 438
19800 3238 20332 3558
19800 3298 20332 3618
19800 3358 20332 3678
19800 3418 20332 3738
19800 3478 20332 3798
19800 3538 20332 3858
20160 -182 20692 138
20160 -122 20692 198
20160 -62 20692 258
20160 -2 20692 318
20160 58 20692 378
20160 118 20692 438
20160 3238 20692 3558
20160 3298 20692 3618
20160 3358 20692 3678
20160 3418 20692 3738
20160 3478 20692 3798
20160 3538 20692 3858
20520 -182 21052 138
20520 -122 21052 198
20520 -62 21052 258
20520 -2 21052 318
20520 58 21052 378
20520 118 21052 438
20520 3238 21052 3558
20520 3298 21052 3618
20520 3358 21052 3678
20520 3418 21052 3738
20520 3478 21052 3798
20520 3538 21052 3858
20880 -182 21412 138
20880 -122 21412 198
20880 -62 21412 258
20880 -2 21412 318
20880 58 21412 378
20880 118 21412 438
20880 3238 21412 3558
20880 3298 21412 3618
20880 3358 21412 3678
20880 3418 21412 3738
20880 3478 21412 3798
20880 3538 21412 3858
21240 -182 21772 138
21240 -122 21772 198
21240 -62 21772 258
21240 -2 21772 318
21240 58 21772 378
21240 118 21772 438
21240 3238 21772 3558
21240 3298 21772 3618
21240 3358 21772 3678
21240 3418 21772 3738
21240 3478 21772 3798
21240 3538 21772 3858
21600 -182 22132 138
21600 -122 22132 198
21600 -62 22132 258
21600 -2 22132 318
21600 58 22132 378
21600 118 22132 438
21600 3238 22132 3558
21600 3298 22132 3618
21600 3358 22132 3678
21600 3418 22132 3738
21600 3478 22132 3798
21600 3538 22132 3858
0 838 532 1704
0 1978 532 2844
21600 838 22132 1704
21600 1978 22132 2844
912 838 5604 2844
4816 838 9508 2844
8720 838 13412 2844
12624 838 17316 2844
16528 838 21220 2844
