0 -572 12030 -260
0 30156 12030 30468
12288 -572 24318 -260
12288 30156 24318 30468
12288 11836 18174 14028
12288 13852 18174 16044
12288 15868 18174 18060
0 27964 12030 30156
0 23932 12030 28140
12288 7804 24318 12012
12288 25948 24318 30156
0 -260 12030 7980
0 7804 12030 16044
0 15868 12030 24108
12288 -260 24318 7980
12288 17884 24318 26124
18432 11836 22782 14028
18432 13852 22782 16044
18432 15868 22782 18060
78016 -914 79294 -362
78016 30258 79294 30810
79872 -914 81150 -362
79872 30258 81150 30810
23040 -1006 32906 30904
25010 23982 25474 30234
25010 -338 25474 11994
25010 11822 25474 24154
33138 29877 34050 30625
33138 -715 34050 7203
33138 6933 34050 14851
33138 14581 34050 22499
33138 22229 34050 30147
34502 -1006 81750 30902
71872 -914 77758 -362
71872 30258 77758 30810
59584 -914 71614 -362
59584 30258 71614 30810
35008 -914 59326 -362
35008 30258 59326 30810
