3976 2250 4528 2906
3976 236874 4528 237530
6496 4426 7048 5082
6496 179018 7048 179674
6496 181194 7048 181850
6496 182282 7048 182938
6496 234698 7048 235354
41776 2250 42328 2906
41776 236874 42328 237530
3976 3338 5788 5082
3976 179018 5788 180762
3976 181194 5788 182938
3976 234698 5788 236442
6496 177432 7048 178710
6496 232728 7048 234006
41776 177432 42328 178710
41776 232728 42328 234006
3976 177432 5788 178710
3976 232728 5788 234006
3976 5400 7876 54294
3976 54552 7876 103446
3976 103704 7876 152598
3976 152856 7048 177174
3976 183256 7048 207574
3976 207832 7048 232150
5236 2250 5788 2906
5236 236874 5788 237530
6496 180106 7048 180762
39256 180106 39808 180762
40516 2250 41068 2906
40516 236874 41068 237530
6496 2250 7048 3994
6496 235786 7048 237530
39256 2250 39808 3994
39256 235786 39808 237530
7196 152856 39106 234606
20026 2250 23238 5082
20026 179018 23238 181850
20026 234698 23238 237530
7866 2250 14118 5082
7866 179018 14118 181850
7866 234698 14118 237530
13946 2250 20198 5082
13946 179018 20198 181850
13946 234698 20198 237530
7876 103704 19316 152598
23468 103704 34908 152598
7876 5400 19316 103446
23468 5400 34908 103446
19140 5400 23468 54294
19140 54552 23468 103446
19140 103704 23468 152598
35226 2250 38438 5082
35226 179018 38438 181850
35226 234698 38438 237530
23066 2250 29318 5082
23066 179018 29318 181850
23066 234698 29318 237530
29146 2250 35398 5082
29146 179018 35398 181850
29146 234698 35398 237530
39256 177432 41068 178710
39256 232728 41068 234006
34732 5400 42328 54294
34732 54552 42328 103446
34732 103704 42328 152598
40516 3338 42328 3994
40516 180106 42328 180762
40516 235786 42328 236442
39256 4426 42328 5082
39256 179018 42328 179674
39256 181194 42328 181850
39256 182282 42328 182938
39256 234698 42328 235354
39256 152856 42328 177174
39256 183256 42328 207574
39256 207832 42328 232150
