534 534 439400 41430
534 41430 439400 82340
534 82340 439400 123250
534 123250 439400 164160
534 164160 439400 205070
534 205070 439400 245980
534 245980 439400 286890
534 286890 439400 327786
22320 10000 186320 102000
22320 122000 186320 214000
368998 226030 532998 318030
202476 9998 248342 247640
439400 534 665930 41430
439400 41430 665930 83676
439400 82340 665930 123250
439400 123250 665930 164160
439400 164160 665930 205070
439400 205070 665930 245980
439400 245980 665930 286890
439400 286890 665930 327786
